             [0;33;5;40;100m [0;37;5;40;100m8[0;1;30;90;47m%:[0;1;37;97;47m.:::.[0;1;30;90;47m.%[0;37;5;40;100m8[0;33;5;40;100m [0m              
          [0;1;30;90;47m8[0;1;37;97;47m;% [0;1;30;90;47m%8[0;37;5;40;100m8S[0;33;5;40;100m   [0;37;5;40;100mS8[0;1;30;90;47m@t[0;1;37;97;47m:%:[0;37;5;40;100m8[0m           
        [0;37;5;40;100mX[0;1;37;97;47mX:[0;1;30;90;47m@[0;33;5;40;100m %[0m           [0;30;5;40;100m%[0;33;5;40;100m [0;1;30;90;47mX[0;1;37;97;47mtS[0;37;5;40;100m@[0m         
       [0;37;5;40;100mX[0;1;37;97;47m@[0;1;30;90;47m;[0;37;5;40;100mS[0;30;5;40;100mS[0m                [0;37;5;40;100mS[0;1;30;90;47m.[0;1;37;97;47m8[0;1;30;90;47m8[0m        
       [0;1;37;97;47mX.[0;37;5;40;100mX[0;30;5;40;100mS[0m                  [0;37;5;40;100mX[0;1;37;97;47mt%[0;33;5;40;100mt[0m       
      [0;33;5;40;100m;[0;1;37;97;47m8[0;1;30;90;47m;[0;33;5;40;100m [0m                   [0;33;5;40;100m [0;1;30;90;47m.[0;1;37;97;47m@[0;33;5;40;100m [0m       
      [0;33;5;40;100m;[0;1;37;97;47m8[0;1;30;90;47m;[0;33;5;40;100m [0m                   [0;33;5;40;100m [0;1;30;90;47m.[0;1;37;97;47m@[0;33;5;40;100m [0m       
      [0;33;5;40;100m:[0;1;37;97;47m8[0;1;30;90;47m;[0;33;5;40;100m [0m                   [0;33;5;40;100m [0;1;30;90;47m.[0;1;37;97;47m@[0;33;5;40;100m [0m       
      [0;33;5;40;100m;[0;1;37;97;47m8[0;1;30;90;47mt[0;36;5;40;100m [0m                   [0;33;5;40;100m [0;1;30;90;47m:[0;1;37;97;47mX[0;33;5;40;100m [0m       
     [0;31;43mS[0;1;31;91;43m8[0;1;33;93;43m:[0;33;5;43;103m;:::..[0;37;5;43;103m@8[0;1;33;93;47m@[0;1;37;97;47m8[0;37;5;47;107m%%S[0;1;37;97;47m8[0;1;33;93;47m@[0;37;5;43;103m8X[0;33;5;43;103m:.:::;[0;1;33;93;43m:[0;1;31;91;43m88[0m      
     [0;31;43mS[0;1;31;91;43m8[0;1;33;93;43m:[0;33;5;43;103m;;:::.[0;37;5;43;103mX88[0;1;37;97;47m8[0;37;5;47;107mStS[0;1;37;97;47m8[0;1;33;93;47m@[0;37;5;43;103m8X[0;33;5;43;103m.:.::;[0;1;33;93;43m:[0;1;31;91;43m88[0m      
     [0;31;43mX[0;1;31;91;43m8[0;1;33;93;43m:[0;33;5;43;103m;::.::[0;37;5;43;103mX8[0;1;33;93;47m88[0;33;47m8[0;37;43m88[0;1;33;93;47m88[0;37;5;43;103m8X[0;33;5;43;103m.::.:;[0;1;33;93;43m:[0;1;31;91;43m88[0m      
     [0;31;43mX[0;1;31;91;43m8[0;1;33;93;43m:[0;33;5;43;103m;:::.:[0;37;5;43;103mX8[0;37;43m@[0;31;43m8[0;31;40m;..8[0;1;30;90;43mX[0;37;5;43;103m8@[0;33;5;43;103m..:::;[0;1;33;93;43m;[0;1;31;91;43m88[0m      
     [0;31;43mS[0;1;31;91;43m8[0;1;33;93;43m:[0;33;5;43;103m;;:::.[0;37;5;43;103mX8[0;1;30;90;43m8[0;33;41m8[0;31;40m...S[0;1;30;90;43mS[0;37;5;43;103m8X[0;33;5;43;103m:..::;[0;1;33;93;43m:[0;1;31;91;43m88[0m      
     [0;31;43mS[0;1;31;91;43m8[0;1;33;93;43m:[0;33;5;43;103m;::.:.[0;37;5;43;103mX8[0;1;33;93;47m8[0;37;43mX[0;31;43m@[0;31;40m.[0;30;41m8[0;1;30;90;43mX[0;1;33;93;47m8[0;37;5;43;103m8@[0;33;5;43;103m.:.::;[0;1;33;93;43m;[0;1;31;91;43m88[0m      
     [0;31;43mX[0;1;31;91;43m8[0;1;33;93;43m:[0;33;5;43;103m;::..:[0;37;5;43;103mX88[0;33;47m8[0;1;30;90;43mt[0;31;40m.[0;1;30;90;41m8[0;1;30;90;43m@[0;1;33;93;47m@[0;37;5;43;103m8X[0;33;5;43;103m.::.:;[0;1;33;93;43m:[0;1;31;91;43m88[0m      
     [0;31;43mS[0;1;31;91;43m8[0;1;33;93;43m:[0;33;5;43;103m;:::..[0;37;5;43;103mX8[0;1;33;93;47m8[0;33;47m8[0;1;30;90;43mt[0;31;40m.[0;1;30;90;41m8[0;1;30;90;43m@[0;1;33;93;47m@[0;37;5;43;103m8X[0;33;5;43;103m:.:::;[0;1;33;93;43m:[0;1;31;91;43m88[0m      
     [0;31;43mS[0;1;31;91;43m8[0;1;33;93;43m:[0;33;5;43;103m;;:::.[0;37;5;43;103mX8[0;1;33;93;47m@S[0;33;47m8[0;1;30;90;43m8[0;37;43mX[0;1;33;93;47m8@[0;37;5;43;103m8@[0;33;5;43;103m::.::;[0;1;33;93;43m:[0;1;31;91;43m88[0m      
     [0;31;43mX[0;1;31;91;43m8[0;1;33;93;43m:[0;33;5;43;103m;;:.:.[0;37;5;43;103mX88[0;1;37;97;47m8[0;37;5;47;107mStS[0;1;37;97;47m8[0;1;33;93;47m@[0;37;5;43;103m8X[0;33;5;43;103m.::.:;[0;1;33;93;43m:[0;1;31;91;43m88[0m      
     [0;33;41m8[0;31;43mt:[0;1;31;91;43m8[0;1;33;93;43m.;tt%S[0;37;43m@[0;33;47m8[0;1;33;93;47m@[0;1;37;97;47mt%[0;1;33;93;47mS@[0;33;47m8[0;37;43m@[0;1;33;93;43mS%%t;:[0;1;31;91;43m8[0;31;43m:t@[0m      

